{
 "cells": [
  {
   "cell_type": "markdown",
   "metadata": {},
   "source": [
    "## Model Iterations\n",
    "#### The goal of this notebook is to take our FSM and scale/transfor the data as well as enginner additional features to improve our R squarred"
   ]
  },
  {
   "cell_type": "markdown",
   "metadata": {},
   "source": [
    "#### Outline\n",
    "* Import necessary libraries and datasets\n",
    "* Look over FSM "
   ]
  },
  {
   "cell_type": "markdown",
   "metadata": {},
   "source": [
    "### Import libraries and dataset"
   ]
  },
  {
   "cell_type": "code",
   "execution_count": 1,
   "metadata": {},
   "outputs": [],
   "source": [
    "# Import necessary libraries\n",
    "import pandas as pd\n",
    "import numpy as np\n",
    "import matplotlib.pyplot as plt\n",
    "import seaborn as sns\n",
    "import statsmodels.api as sm\n",
    "import statsmodels.formula.api as smf\n",
    "import scipy.stats as stats\n",
    "%matplotlib inline\n",
    "%load_ext autoreload\n",
    "%autoreload 2\n",
    "import os\n",
    "import sys\n",
    "module_path = os.path.abspath(os.path.join(os.pardir, os.pardir))\n",
    "if module_path not in sys.path:\n",
    "    sys.path.append(module_path)"
   ]
  },
  {
   "cell_type": "code",
   "execution_count": 3,
   "metadata": {},
   "outputs": [],
   "source": [
    "import src.mc_functions as mc\n",
    "df = mc.create_dataframe()"
   ]
  },
  {
   "cell_type": "code",
   "execution_count": 6,
   "metadata": {},
   "outputs": [
    {
     "data": {
      "text/html": [
       "<div>\n",
       "<style scoped>\n",
       "    .dataframe tbody tr th:only-of-type {\n",
       "        vertical-align: middle;\n",
       "    }\n",
       "\n",
       "    .dataframe tbody tr th {\n",
       "        vertical-align: top;\n",
       "    }\n",
       "\n",
       "    .dataframe thead th {\n",
       "        text-align: right;\n",
       "    }\n",
       "</style>\n",
       "<table border=\"1\" class=\"dataframe\">\n",
       "  <thead>\n",
       "    <tr style=\"text-align: right;\">\n",
       "      <th></th>\n",
       "      <th>SalePrice</th>\n",
       "      <th>PropertyType</th>\n",
       "      <th>SqFtTotLiving</th>\n",
       "      <th>SqFtOpenPorch</th>\n",
       "      <th>SqFtEnclosedPorch</th>\n",
       "      <th>TrafficNoise</th>\n",
       "      <th>PowerLines</th>\n",
       "      <th>OtherNuisances</th>\n",
       "      <th>TidelandShoreland</th>\n",
       "      <th>has_porch</th>\n",
       "    </tr>\n",
       "  </thead>\n",
       "  <tbody>\n",
       "    <tr>\n",
       "      <td>SalePrice</td>\n",
       "      <td>1.000000</td>\n",
       "      <td>-0.021130</td>\n",
       "      <td>0.195816</td>\n",
       "      <td>0.107674</td>\n",
       "      <td>0.015146</td>\n",
       "      <td>-0.019141</td>\n",
       "      <td>-0.007842</td>\n",
       "      <td>-0.008572</td>\n",
       "      <td>0.085883</td>\n",
       "      <td>0.080662</td>\n",
       "    </tr>\n",
       "    <tr>\n",
       "      <td>PropertyType</td>\n",
       "      <td>-0.021130</td>\n",
       "      <td>1.000000</td>\n",
       "      <td>0.006145</td>\n",
       "      <td>0.009777</td>\n",
       "      <td>-0.010621</td>\n",
       "      <td>-0.025284</td>\n",
       "      <td>0.008402</td>\n",
       "      <td>0.001548</td>\n",
       "      <td>-0.008429</td>\n",
       "      <td>-0.001021</td>\n",
       "    </tr>\n",
       "    <tr>\n",
       "      <td>SqFtTotLiving</td>\n",
       "      <td>0.195816</td>\n",
       "      <td>0.006145</td>\n",
       "      <td>1.000000</td>\n",
       "      <td>0.416241</td>\n",
       "      <td>-0.002453</td>\n",
       "      <td>-0.077343</td>\n",
       "      <td>0.018413</td>\n",
       "      <td>-0.059115</td>\n",
       "      <td>0.114222</td>\n",
       "      <td>0.304576</td>\n",
       "    </tr>\n",
       "    <tr>\n",
       "      <td>SqFtOpenPorch</td>\n",
       "      <td>0.107674</td>\n",
       "      <td>0.009777</td>\n",
       "      <td>0.416241</td>\n",
       "      <td>1.000000</td>\n",
       "      <td>-0.007702</td>\n",
       "      <td>-0.034162</td>\n",
       "      <td>0.017681</td>\n",
       "      <td>-0.020643</td>\n",
       "      <td>0.065253</td>\n",
       "      <td>0.499036</td>\n",
       "    </tr>\n",
       "    <tr>\n",
       "      <td>SqFtEnclosedPorch</td>\n",
       "      <td>0.015146</td>\n",
       "      <td>-0.010621</td>\n",
       "      <td>-0.002453</td>\n",
       "      <td>-0.007702</td>\n",
       "      <td>1.000000</td>\n",
       "      <td>0.026402</td>\n",
       "      <td>-0.005945</td>\n",
       "      <td>0.006116</td>\n",
       "      <td>0.033692</td>\n",
       "      <td>0.150098</td>\n",
       "    </tr>\n",
       "    <tr>\n",
       "      <td>TrafficNoise</td>\n",
       "      <td>-0.019141</td>\n",
       "      <td>-0.025284</td>\n",
       "      <td>-0.077343</td>\n",
       "      <td>-0.034162</td>\n",
       "      <td>0.026402</td>\n",
       "      <td>1.000000</td>\n",
       "      <td>-0.007387</td>\n",
       "      <td>0.046624</td>\n",
       "      <td>0.003418</td>\n",
       "      <td>-0.038625</td>\n",
       "    </tr>\n",
       "    <tr>\n",
       "      <td>PowerLines</td>\n",
       "      <td>-0.007842</td>\n",
       "      <td>0.008402</td>\n",
       "      <td>0.018413</td>\n",
       "      <td>0.017681</td>\n",
       "      <td>-0.005945</td>\n",
       "      <td>-0.007387</td>\n",
       "      <td>1.000000</td>\n",
       "      <td>0.007345</td>\n",
       "      <td>-0.011050</td>\n",
       "      <td>0.001927</td>\n",
       "    </tr>\n",
       "    <tr>\n",
       "      <td>OtherNuisances</td>\n",
       "      <td>-0.008572</td>\n",
       "      <td>0.001548</td>\n",
       "      <td>-0.059115</td>\n",
       "      <td>-0.020643</td>\n",
       "      <td>0.006116</td>\n",
       "      <td>0.046624</td>\n",
       "      <td>0.007345</td>\n",
       "      <td>1.000000</td>\n",
       "      <td>0.015014</td>\n",
       "      <td>-0.030293</td>\n",
       "    </tr>\n",
       "    <tr>\n",
       "      <td>TidelandShoreland</td>\n",
       "      <td>0.085883</td>\n",
       "      <td>-0.008429</td>\n",
       "      <td>0.114222</td>\n",
       "      <td>0.065253</td>\n",
       "      <td>0.033692</td>\n",
       "      <td>0.003418</td>\n",
       "      <td>-0.011050</td>\n",
       "      <td>0.015014</td>\n",
       "      <td>1.000000</td>\n",
       "      <td>0.017082</td>\n",
       "    </tr>\n",
       "    <tr>\n",
       "      <td>has_porch</td>\n",
       "      <td>0.080662</td>\n",
       "      <td>-0.001021</td>\n",
       "      <td>0.304576</td>\n",
       "      <td>0.499036</td>\n",
       "      <td>0.150098</td>\n",
       "      <td>-0.038625</td>\n",
       "      <td>0.001927</td>\n",
       "      <td>-0.030293</td>\n",
       "      <td>0.017082</td>\n",
       "      <td>1.000000</td>\n",
       "    </tr>\n",
       "  </tbody>\n",
       "</table>\n",
       "</div>"
      ],
      "text/plain": [
       "                   SalePrice  PropertyType  SqFtTotLiving  SqFtOpenPorch  \\\n",
       "SalePrice           1.000000     -0.021130       0.195816       0.107674   \n",
       "PropertyType       -0.021130      1.000000       0.006145       0.009777   \n",
       "SqFtTotLiving       0.195816      0.006145       1.000000       0.416241   \n",
       "SqFtOpenPorch       0.107674      0.009777       0.416241       1.000000   \n",
       "SqFtEnclosedPorch   0.015146     -0.010621      -0.002453      -0.007702   \n",
       "TrafficNoise       -0.019141     -0.025284      -0.077343      -0.034162   \n",
       "PowerLines         -0.007842      0.008402       0.018413       0.017681   \n",
       "OtherNuisances     -0.008572      0.001548      -0.059115      -0.020643   \n",
       "TidelandShoreland   0.085883     -0.008429       0.114222       0.065253   \n",
       "has_porch           0.080662     -0.001021       0.304576       0.499036   \n",
       "\n",
       "                   SqFtEnclosedPorch  TrafficNoise  PowerLines  \\\n",
       "SalePrice                   0.015146     -0.019141   -0.007842   \n",
       "PropertyType               -0.010621     -0.025284    0.008402   \n",
       "SqFtTotLiving              -0.002453     -0.077343    0.018413   \n",
       "SqFtOpenPorch              -0.007702     -0.034162    0.017681   \n",
       "SqFtEnclosedPorch           1.000000      0.026402   -0.005945   \n",
       "TrafficNoise                0.026402      1.000000   -0.007387   \n",
       "PowerLines                 -0.005945     -0.007387    1.000000   \n",
       "OtherNuisances              0.006116      0.046624    0.007345   \n",
       "TidelandShoreland           0.033692      0.003418   -0.011050   \n",
       "has_porch                   0.150098     -0.038625    0.001927   \n",
       "\n",
       "                   OtherNuisances  TidelandShoreland  has_porch  \n",
       "SalePrice               -0.008572           0.085883   0.080662  \n",
       "PropertyType             0.001548          -0.008429  -0.001021  \n",
       "SqFtTotLiving           -0.059115           0.114222   0.304576  \n",
       "SqFtOpenPorch           -0.020643           0.065253   0.499036  \n",
       "SqFtEnclosedPorch        0.006116           0.033692   0.150098  \n",
       "TrafficNoise             0.046624           0.003418  -0.038625  \n",
       "PowerLines               0.007345          -0.011050   0.001927  \n",
       "OtherNuisances           1.000000           0.015014  -0.030293  \n",
       "TidelandShoreland        0.015014           1.000000   0.017082  \n",
       "has_porch               -0.030293           0.017082   1.000000  "
      ]
     },
     "execution_count": 6,
     "metadata": {},
     "output_type": "execute_result"
    }
   ],
   "source": [
    "df.corr()"
   ]
  },
  {
   "cell_type": "code",
   "execution_count": null,
   "metadata": {},
   "outputs": [],
   "source": []
  }
 ],
 "metadata": {
  "kernelspec": {
   "display_name": "Python 3",
   "language": "python",
   "name": "python3"
  },
  "language_info": {
   "codemirror_mode": {
    "name": "ipython",
    "version": 3
   },
   "file_extension": ".py",
   "mimetype": "text/x-python",
   "name": "python",
   "nbconvert_exporter": "python",
   "pygments_lexer": "ipython3",
   "version": "3.6.9"
  }
 },
 "nbformat": 4,
 "nbformat_minor": 4
}
